canHitBoss
-1.04481928691
xDif<-9
0.732872180275
xDif<-22
0.0
xDif<-20
0.0
xDif<-21
0.0
yDif<17
0.0
xDif<-5
0.600544499093
yDif<-6
0.344929873458
yDif<-7
0.518525478092
yDif<-4
-0.259475344573
yDif<-5
-0.354474907529
yDif<-2
0.140715284581
yDif<-3
-0.197250081807
yDif<-1
0.437141973945
yDif<-8
0.416704913084
yDif<-9
0.391371923312
yDif<3
0.308087613912
yDif<0
0.466003638101
yDif<1
-0.777507590833
yDif<2
-0.872578812866
bias
-1.66535632974
yDif<4
0.280569897233
yDif<5
0.515832436966
yDif<6
-1.23601130994
yDif<7
-0.0955550313564
yDif<8
-0.279671033826
yDif<9
-0.440509339503
xDif<4
0.396913262574
yDif<12
-0.269109419052
yDif<13
-0.265116781721
yDif<10
-0.13328194089
yDif<11
-0.195722265577
yDif<16
-0.0846120654487
insideBoss
-0.429260471894
yDif<14
-0.418669315558
yDif<15
-0.385006584091
yDif<-10
0.527964697081
yDif<-11
-0.184076218369
yDif<-12
0.0
yDif<-13
0.435423983441
yDif<-14
0.0
yDif<-15
0.0
hitsBoss
16.4586698795
xDif<-19
0.484567628967
xDif<-18
-0.0573296115514
xDif<-13
1.0477057337
xDif<-12
0.890628266816
xDif<-11
0.537632550962
xDif<-10
0.743360632189
xDif<-17
1.14530404174
xDif<-16
0.91878536195
xDif<-15
0.929969165617
xDif<-14
0.0781204760212
xDif<-7
0.971239083557
xDif<-6
-0.562242629328
xDif<9
0.717490689519
xDif<-4
0.741464085767
xDif<-3
0.693105901558
xDif<-2
0.684334625097
xDif<-1
0.780657385364
xDif<3
0.57621683177
xDif<2
0.628887358557
xDif<1
0.768174063833
xDif<0
0.586232491451
xDif<7
0.533087869889
xDif<6
0.462693401845
xDif<5
-2.34541852744
xDif<-8
0.254039228436
xDif<13
-2.36631067359
xDif<12
-0.84937627756
xDif<11
-5.00140500569
xDif<10
-1.47405928664
xDif<17
-1.10837310611
xDif<16
-1.11020363812
xDif<15
-1.55656081247
xDif<14
-1.52752644552
xDif<19
-0.716992156791
xDif<18
-0.551756864787
xDif<8
0.65817188932
