canHitBoss
1.05789021532
xDif<-22
0.274662656502
xDif<-23
0.0
xDif<-20
0.155350901929
xDif<-21
0.367487012349
xDif<28
-0.0906167490172
xDif<29
-0.0791128048561
yDif<17
-0.904711776599
xDif<5
-0.490960787282
xDif<9
-1.35628966706
yDif<-6
2.87617251812
yDif<-7
1.16692934087
yDif<-4
3.77946246649
yDif<-5
1.59458322902
yDif<-2
-0.167008881981
yDif<-3
-0.0889900968949
yDif<-1
0.304348695573
yDif<18
-0.91729573046
yDif<-8
1.79176233172
yDif<-9
1.24525153022
yDif<19
-0.86952539337
bias
1.44327374026
xDif<31
-0.0597260854129
xDif<30
-0.0784014572941
yDif<21
0.0
yDif<20
-0.868932127518
yDif<0
0.155640108674
yDif<1
-1.10527099872
yDif<2
-0.749955539173
yDif<3
-0.900078004602
yDif<4
-0.714548354559
yDif<5
-0.700378315313
yDif<6
-1.17545446091
yDif<7
-1.11363055205
yDif<8
-0.327565732174
yDif<9
-0.213852665086
xDif<-8
1.13320143751
yDif<12
-0.869873313396
yDif<13
-1.04100106565
yDif<10
-0.645674782151
yDif<11
-0.872451884642
yDif<16
-0.925759998356
insideBoss
0.211456443574
yDif<14
-0.913052241783
yDif<15
-0.20769006392
xDif<22
-0.0736595987107
xDif<23
-0.124571229573
xDif<20
-0.281150270443
xDif<21
-0.0904229406119
xDif<26
-0.0797424739149
xDif<27
-0.0896171483552
xDif<24
-0.173780251211
xDif<25
-0.106126379091
yDif<-10
0.861347480495
yDif<-11
1.75132574388
yDif<-12
0.977848652193
yDif<-13
0.339325121182
yDif<-14
0.564020037713
yDif<-15
0.327958463444
yDif<-16
0.0
yDif<-17
0.0
hitsBoss
20.8120455118
xDif<-19
0.0549048506945
xDif<-18
0.237535657106
xDif<-13
0.255975083186
xDif<-12
0.536824044149
xDif<-11
0.477020996789
xDif<-10
0.524994608862
xDif<-17
-0.822833136907
xDif<-16
-0.481355817699
xDif<-15
0.156944891406
xDif<-14
-0.918269781056
xDif<-7
0.709513220622
xDif<-6
1.40154625279
xDif<-5
1.80016016338
xDif<-4
2.0475112973
xDif<-3
2.24130774199
xDif<-2
1.2002437271
xDif<-1
0.384456089886
xDif<3
-0.166066069585
xDif<2
-0.298000344001
xDif<1
-1.24495929436
xDif<0
0.687451569912
xDif<7
-0.1406092792
xDif<6
-0.386846291676
xDif<-9
0.634714566082
xDif<4
0.112239080847
xDif<13
-0.153456329819
xDif<12
-0.435360908114
xDif<11
-2.31921508827
xDif<10
-0.332385161599
xDif<17
-0.155761153837
xDif<16
-0.346397142261
xDif<15
-0.987349109901
xDif<14
-0.243311749832
xDif<19
-0.574027765001
xDif<18
-0.441291731717
xDif<8
-0.329098112464
