canHitBoss
2.2563385657
xDif<-22
0.274662656502
xDif<-23
0.0
xDif<-20
0.155350901929
xDif<-21
0.367487012349
yDif<17
-0.904711776599
xDif<5
-0.401051186172
xDif<9
-1.35628966706
yDif<-6
1.57288678496
yDif<-7
0.339328623749
yDif<-4
11.2913142101
yDif<-5
-1.37110772507
yDif<-2
-0.351327962947
yDif<-3
-0.367212751572
yDif<-1
-0.413339519405
yDif<18
-0.91729573046
yDif<-8
3.31123074618
yDif<-9
0.482094006024
yDif<19
-0.86952539337
yDif<3
-0.900078004602
yDif<21
0.0
yDif<20
-0.868932127518
yDif<0
-0.393355916935
yDif<1
-1.06338245344
yDif<2
-0.700737088571
bias
1.37165037969
yDif<4
-0.793764449931
yDif<5
-0.748184485652
yDif<6
-1.14943954688
yDif<7
-1.08095815608
yDif<8
-0.217973554539
yDif<9
0.155317751223
xDif<-8
4.75235958335
yDif<12
-0.869873313396
yDif<13
-1.04100106565
yDif<10
-0.79917885743
yDif<11
-0.872451884642
yDif<16
-0.925759998356
insideBoss
1.10041486397
yDif<14
-0.913052241783
yDif<15
-0.20769006392
xDif<22
0.0
xDif<23
0.0
xDif<20
-0.281150270443
xDif<21
-0.00183412319863
yDif<-10
-0.0190934659582
yDif<-11
1.75592597621
yDif<-12
0.606212039164
yDif<-13
0.339325121182
yDif<-14
-0.050515807823
yDif<-15
0.327958463444
yDif<-16
0.0
yDif<-17
0.0
hitsBoss
14.3561638022
xDif<-19
0.0549048506945
xDif<-18
0.237535657106
xDif<-13
-0.318087340623
xDif<-12
0.547777049369
xDif<-11
0.398370274477
xDif<-10
-0.165972255599
xDif<-17
-0.822833136907
xDif<-16
-0.481355817699
xDif<-15
0.12998387308
xDif<-14
-0.918269781056
xDif<-7
0.0267455974199
xDif<-6
0.596254452942
xDif<-5
0.973666944281
xDif<-4
3.11624683436
xDif<-3
0.0976648076093
xDif<-2
11.1312238769
xDif<-1
-0.984488755266
xDif<3
-0.330754371196
xDif<2
-2.1418656944
xDif<1
-3.3624705876
xDif<0
-3.50484135583
xDif<7
-0.128040860387
xDif<6
-0.0819781972024
xDif<-9
0.172561991439
xDif<4
-0.0113429501504
xDif<13
-0.00779565358348
xDif<12
-0.435360908114
xDif<11
-2.49690742373
xDif<10
-0.127198200654
xDif<17
-0.134218588486
xDif<16
-0.346397142261
xDif<15
-1.0899479657
xDif<14
-0.243311749832
xDif<19
-0.716992156791
xDif<18
-0.441291731717
xDif<8
-0.329098112464
